{
 "cells": [
  {
   "cell_type": "markdown",
   "metadata": {},
   "source": [
    "Baseball case study\n",
    "\n",
    "This dataset utilizes data from 2014 Major League Baseball seasons in order to develop an algorithm that predicts\n",
    "the number of wins for a given team in the 2015 season based on several different indicators of success.\n",
    "There are 16 different features that will be used as the inputs to the machine learning and the output will \n",
    "be a value that represents the number of wins. \n",
    "\n",
    "Input features: Runs, At Bats, Hits, Doubles, Triples, Homeruns, Walks, Strikeouts,Stolen Bases, \n",
    "                Runs Allowed, Earned Runs, Earned Run Average (ERA), Shutouts, Saves, and Errors\n",
    "\n",
    "Output: Number of predicted wins (W)\n",
    "\n",
    "General Approach: For predicting the number of wins a baseball team will attain -- based on the given input features, \n",
    "a linear regression approach is neccessary. "
   ]
  },
  {
   "cell_type": "code",
   "execution_count": 1,
   "metadata": {},
   "outputs": [],
   "source": [
    "#Importing all basic required libray\n",
    "import numpy as np\n",
    "import pandas as pd\n",
    "import matplotlib.pyplot as plt\n",
    "import seaborn as sns\n",
    "import warnings\n",
    "warnings.filterwarnings('ignore')"
   ]
  },
  {
   "cell_type": "markdown",
   "metadata": {},
   "source": [
    "# 1-Data Exploration"
   ]
  },
  {
   "cell_type": "code",
   "execution_count": 2,
   "metadata": {},
   "outputs": [
    {
     "name": "stdout",
     "output_type": "stream",
     "text": [
      "(30, 17)\n",
      "      W    R    AB     H   2B  3B   HR   BB    SO   SB   RA   ER   ERA  CG  \\\n",
      "0    95  724  5575  1497  300  42  139  383   973  104  641  601  3.73   2   \n",
      "1    83  696  5467  1349  277  44  156  439  1264   70  700  653  4.07   2   \n",
      "2    81  669  5439  1395  303  29  141  533  1157   86  640  584  3.67  11   \n",
      "3    76  622  5533  1381  260  27  136  404  1231   68  701  643  3.98   7   \n",
      "4    74  689  5605  1515  289  49  151  455  1259   83  803  746  4.64   7   \n",
      "5    93  891  5509  1480  308  17  232  570  1151   88  670  609  3.80   7   \n",
      "6    87  764  5567  1397  272  19  212  554  1227   63  698  652  4.03   3   \n",
      "7    81  713  5485  1370  246  20  217  418  1331   44  693  646  4.05   0   \n",
      "8    80  644  5485  1383  278  32  167  436  1310   87  642  604  3.74   1   \n",
      "9    78  748  5640  1495  294  33  161  478  1148   71  753  694  4.31   3   \n",
      "10   88  751  5511  1419  279  32  172  503  1233  101  733  680  4.24   5   \n",
      "11   86  729  5459  1363  278  26  230  486  1392  121  618  572  3.57   5   \n",
      "12   85  661  5417  1331  243  21  176  435  1150   52  675  630  3.94   2   \n",
      "13   76  656  5544  1379  262  22  198  478  1336   69  726  677  4.16   6   \n",
      "14   68  694  5600  1405  277  46  146  475  1119   78  729  664  4.14   5   \n",
      "15  100  647  5484  1386  288  39  137  506  1267   69  525  478  2.94   1   \n",
      "16   98  697  5631  1462  292  27  140  461  1322   98  596  532  3.21   0   \n",
      "17   97  689  5491  1341  272  30  171  567  1518   95  608  546  3.36   6   \n",
      "18   68  655  5480  1378  274  34  145  412  1299   84  737  682  4.28   1   \n",
      "19   64  640  5571  1382  257  27  167  496  1255  134  754  700  4.33   2   \n",
      "20   90  683  5527  1351  295  17  177  488  1290   51  613  557  3.43   1   \n",
      "21   83  703  5428  1363  265  13  177  539  1344   57  635  577  3.62   4   \n",
      "22   71  613  5463  1420  236  40  120  375  1150  112  678  638  4.02   0   \n",
      "23   67  573  5420  1361  251  18  100  471  1107   69  760  698  4.41   3   \n",
      "24   63  626  5529  1374  272  37  130  387  1274   88  809  749  4.69   1   \n",
      "25   92  667  5385  1346  263  26  187  563  1258   59  595  553  3.44   6   \n",
      "26   84  696  5565  1486  288  39  136  457  1159   93  627  597  3.72   7   \n",
      "27   79  720  5649  1494  289  48  154  490  1312  132  713  659  4.04   1   \n",
      "28   74  650  5457  1324  260  36  148  426  1327   82  731  655  4.09   1   \n",
      "29   68  737  5572  1479  274  49  186  388  1283   97  844  799  5.04   4   \n",
      "\n",
      "    SHO  SV    E  \n",
      "0     8  56   88  \n",
      "1    12  45   86  \n",
      "2    10  38   79  \n",
      "3     9  37  101  \n",
      "4    12  35   86  \n",
      "5    10  34   88  \n",
      "6     4  48   93  \n",
      "7    10  43   77  \n",
      "8    12  60   95  \n",
      "9    10  40   97  \n",
      "10    9  45  119  \n",
      "11   13  39   85  \n",
      "12   12  46   93  \n",
      "13   12  45   94  \n",
      "14   15  28  126  \n",
      "15   15  62   96  \n",
      "16   13  54  122  \n",
      "17   21  48  111  \n",
      "18    7  40  116  \n",
      "19    8  35   90  \n",
      "20   14  50   88  \n",
      "21   13  41   90  \n",
      "22   12  35   77  \n",
      "23   10  44   90  \n",
      "24    7  35  117  \n",
      "25   21  47   75  \n",
      "26   18  41   78  \n",
      "27   12  44   86  \n",
      "28    6  41   92  \n",
      "29    4  36   95  \n"
     ]
    }
   ],
   "source": [
    "#lets import the baseball data and print them\n",
    "baseball=pd.read_csv('baseball.csv')\n",
    "print(baseball.shape)\n",
    "\n",
    "print(baseball)"
   ]
  },
  {
   "cell_type": "code",
   "execution_count": 3,
   "metadata": {},
   "outputs": [
    {
     "data": {
      "text/html": [
       "<div>\n",
       "<style scoped>\n",
       "    .dataframe tbody tr th:only-of-type {\n",
       "        vertical-align: middle;\n",
       "    }\n",
       "\n",
       "    .dataframe tbody tr th {\n",
       "        vertical-align: top;\n",
       "    }\n",
       "\n",
       "    .dataframe thead th {\n",
       "        text-align: right;\n",
       "    }\n",
       "</style>\n",
       "<table border=\"1\" class=\"dataframe\">\n",
       "  <thead>\n",
       "    <tr style=\"text-align: right;\">\n",
       "      <th></th>\n",
       "      <th>W</th>\n",
       "      <th>R</th>\n",
       "      <th>AB</th>\n",
       "      <th>H</th>\n",
       "      <th>2B</th>\n",
       "      <th>3B</th>\n",
       "      <th>HR</th>\n",
       "      <th>BB</th>\n",
       "      <th>SO</th>\n",
       "      <th>SB</th>\n",
       "      <th>RA</th>\n",
       "      <th>ER</th>\n",
       "      <th>ERA</th>\n",
       "      <th>CG</th>\n",
       "      <th>SHO</th>\n",
       "      <th>SV</th>\n",
       "      <th>E</th>\n",
       "    </tr>\n",
       "  </thead>\n",
       "  <tbody>\n",
       "    <tr>\n",
       "      <th>count</th>\n",
       "      <td>30.000000</td>\n",
       "      <td>30.000000</td>\n",
       "      <td>30.000000</td>\n",
       "      <td>30.000000</td>\n",
       "      <td>30.000000</td>\n",
       "      <td>30.000000</td>\n",
       "      <td>30.000000</td>\n",
       "      <td>30.000000</td>\n",
       "      <td>30.00000</td>\n",
       "      <td>30.000000</td>\n",
       "      <td>30.000000</td>\n",
       "      <td>30.000000</td>\n",
       "      <td>30.000000</td>\n",
       "      <td>30.000000</td>\n",
       "      <td>30.000000</td>\n",
       "      <td>30.000000</td>\n",
       "      <td>30.000000</td>\n",
       "    </tr>\n",
       "    <tr>\n",
       "      <th>mean</th>\n",
       "      <td>80.966667</td>\n",
       "      <td>688.233333</td>\n",
       "      <td>5516.266667</td>\n",
       "      <td>1403.533333</td>\n",
       "      <td>274.733333</td>\n",
       "      <td>31.300000</td>\n",
       "      <td>163.633333</td>\n",
       "      <td>469.100000</td>\n",
       "      <td>1248.20000</td>\n",
       "      <td>83.500000</td>\n",
       "      <td>688.233333</td>\n",
       "      <td>635.833333</td>\n",
       "      <td>3.956333</td>\n",
       "      <td>3.466667</td>\n",
       "      <td>11.300000</td>\n",
       "      <td>43.066667</td>\n",
       "      <td>94.333333</td>\n",
       "    </tr>\n",
       "    <tr>\n",
       "      <th>std</th>\n",
       "      <td>10.453455</td>\n",
       "      <td>58.761754</td>\n",
       "      <td>70.467372</td>\n",
       "      <td>57.140923</td>\n",
       "      <td>18.095405</td>\n",
       "      <td>10.452355</td>\n",
       "      <td>31.823309</td>\n",
       "      <td>57.053725</td>\n",
       "      <td>103.75947</td>\n",
       "      <td>22.815225</td>\n",
       "      <td>72.108005</td>\n",
       "      <td>70.140786</td>\n",
       "      <td>0.454089</td>\n",
       "      <td>2.763473</td>\n",
       "      <td>4.120177</td>\n",
       "      <td>7.869335</td>\n",
       "      <td>13.958889</td>\n",
       "    </tr>\n",
       "    <tr>\n",
       "      <th>min</th>\n",
       "      <td>63.000000</td>\n",
       "      <td>573.000000</td>\n",
       "      <td>5385.000000</td>\n",
       "      <td>1324.000000</td>\n",
       "      <td>236.000000</td>\n",
       "      <td>13.000000</td>\n",
       "      <td>100.000000</td>\n",
       "      <td>375.000000</td>\n",
       "      <td>973.00000</td>\n",
       "      <td>44.000000</td>\n",
       "      <td>525.000000</td>\n",
       "      <td>478.000000</td>\n",
       "      <td>2.940000</td>\n",
       "      <td>0.000000</td>\n",
       "      <td>4.000000</td>\n",
       "      <td>28.000000</td>\n",
       "      <td>75.000000</td>\n",
       "    </tr>\n",
       "    <tr>\n",
       "      <th>25%</th>\n",
       "      <td>74.000000</td>\n",
       "      <td>651.250000</td>\n",
       "      <td>5464.000000</td>\n",
       "      <td>1363.000000</td>\n",
       "      <td>262.250000</td>\n",
       "      <td>23.000000</td>\n",
       "      <td>140.250000</td>\n",
       "      <td>428.250000</td>\n",
       "      <td>1157.50000</td>\n",
       "      <td>69.000000</td>\n",
       "      <td>636.250000</td>\n",
       "      <td>587.250000</td>\n",
       "      <td>3.682500</td>\n",
       "      <td>1.000000</td>\n",
       "      <td>9.000000</td>\n",
       "      <td>37.250000</td>\n",
       "      <td>86.000000</td>\n",
       "    </tr>\n",
       "    <tr>\n",
       "      <th>50%</th>\n",
       "      <td>81.000000</td>\n",
       "      <td>689.000000</td>\n",
       "      <td>5510.000000</td>\n",
       "      <td>1382.500000</td>\n",
       "      <td>275.500000</td>\n",
       "      <td>31.000000</td>\n",
       "      <td>158.500000</td>\n",
       "      <td>473.000000</td>\n",
       "      <td>1261.50000</td>\n",
       "      <td>83.500000</td>\n",
       "      <td>695.500000</td>\n",
       "      <td>644.500000</td>\n",
       "      <td>4.025000</td>\n",
       "      <td>3.000000</td>\n",
       "      <td>12.000000</td>\n",
       "      <td>42.000000</td>\n",
       "      <td>91.000000</td>\n",
       "    </tr>\n",
       "    <tr>\n",
       "      <th>75%</th>\n",
       "      <td>87.750000</td>\n",
       "      <td>718.250000</td>\n",
       "      <td>5570.000000</td>\n",
       "      <td>1451.500000</td>\n",
       "      <td>288.750000</td>\n",
       "      <td>39.000000</td>\n",
       "      <td>177.000000</td>\n",
       "      <td>501.250000</td>\n",
       "      <td>1311.50000</td>\n",
       "      <td>96.500000</td>\n",
       "      <td>732.500000</td>\n",
       "      <td>679.250000</td>\n",
       "      <td>4.220000</td>\n",
       "      <td>5.750000</td>\n",
       "      <td>13.000000</td>\n",
       "      <td>46.750000</td>\n",
       "      <td>96.750000</td>\n",
       "    </tr>\n",
       "    <tr>\n",
       "      <th>max</th>\n",
       "      <td>100.000000</td>\n",
       "      <td>891.000000</td>\n",
       "      <td>5649.000000</td>\n",
       "      <td>1515.000000</td>\n",
       "      <td>308.000000</td>\n",
       "      <td>49.000000</td>\n",
       "      <td>232.000000</td>\n",
       "      <td>570.000000</td>\n",
       "      <td>1518.00000</td>\n",
       "      <td>134.000000</td>\n",
       "      <td>844.000000</td>\n",
       "      <td>799.000000</td>\n",
       "      <td>5.040000</td>\n",
       "      <td>11.000000</td>\n",
       "      <td>21.000000</td>\n",
       "      <td>62.000000</td>\n",
       "      <td>126.000000</td>\n",
       "    </tr>\n",
       "  </tbody>\n",
       "</table>\n",
       "</div>"
      ],
      "text/plain": [
       "                W           R           AB            H          2B  \\\n",
       "count   30.000000   30.000000    30.000000    30.000000   30.000000   \n",
       "mean    80.966667  688.233333  5516.266667  1403.533333  274.733333   \n",
       "std     10.453455   58.761754    70.467372    57.140923   18.095405   \n",
       "min     63.000000  573.000000  5385.000000  1324.000000  236.000000   \n",
       "25%     74.000000  651.250000  5464.000000  1363.000000  262.250000   \n",
       "50%     81.000000  689.000000  5510.000000  1382.500000  275.500000   \n",
       "75%     87.750000  718.250000  5570.000000  1451.500000  288.750000   \n",
       "max    100.000000  891.000000  5649.000000  1515.000000  308.000000   \n",
       "\n",
       "              3B          HR          BB          SO          SB          RA  \\\n",
       "count  30.000000   30.000000   30.000000    30.00000   30.000000   30.000000   \n",
       "mean   31.300000  163.633333  469.100000  1248.20000   83.500000  688.233333   \n",
       "std    10.452355   31.823309   57.053725   103.75947   22.815225   72.108005   \n",
       "min    13.000000  100.000000  375.000000   973.00000   44.000000  525.000000   \n",
       "25%    23.000000  140.250000  428.250000  1157.50000   69.000000  636.250000   \n",
       "50%    31.000000  158.500000  473.000000  1261.50000   83.500000  695.500000   \n",
       "75%    39.000000  177.000000  501.250000  1311.50000   96.500000  732.500000   \n",
       "max    49.000000  232.000000  570.000000  1518.00000  134.000000  844.000000   \n",
       "\n",
       "               ER        ERA         CG        SHO         SV           E  \n",
       "count   30.000000  30.000000  30.000000  30.000000  30.000000   30.000000  \n",
       "mean   635.833333   3.956333   3.466667  11.300000  43.066667   94.333333  \n",
       "std     70.140786   0.454089   2.763473   4.120177   7.869335   13.958889  \n",
       "min    478.000000   2.940000   0.000000   4.000000  28.000000   75.000000  \n",
       "25%    587.250000   3.682500   1.000000   9.000000  37.250000   86.000000  \n",
       "50%    644.500000   4.025000   3.000000  12.000000  42.000000   91.000000  \n",
       "75%    679.250000   4.220000   5.750000  13.000000  46.750000   96.750000  \n",
       "max    799.000000   5.040000  11.000000  21.000000  62.000000  126.000000  "
      ]
     },
     "execution_count": 3,
     "metadata": {},
     "output_type": "execute_result"
    }
   ],
   "source": [
    "#describing the data\n",
    "baseball.describe()"
   ]
  },
  {
   "cell_type": "markdown",
   "metadata": {},
   "source": [
    "# 2-Exploratory Data Analysis (Cleaning, Data Exploring & Visualizing)"
   ]
  },
  {
   "cell_type": "code",
   "execution_count": 4,
   "metadata": {},
   "outputs": [
    {
     "data": {
      "text/plain": [
       "W      30\n",
       "R      30\n",
       "AB     30\n",
       "H      30\n",
       "2B     30\n",
       "3B     30\n",
       "HR     30\n",
       "BB     30\n",
       "SO     30\n",
       "SB     30\n",
       "RA     30\n",
       "ER     30\n",
       "ERA    30\n",
       "CG     30\n",
       "SHO    30\n",
       "SV     30\n",
       "E      30\n",
       "dtype: int64"
      ]
     },
     "execution_count": 4,
     "metadata": {},
     "output_type": "execute_result"
    }
   ],
   "source": [
    "#lets see is there any missing data or not\n",
    "baseball.notnull().sum()\n",
    "\n",
    "#so here there are no missing data"
   ]
  },
  {
   "cell_type": "code",
   "execution_count": 5,
   "metadata": {},
   "outputs": [
    {
     "data": {
      "text/html": [
       "<div>\n",
       "<style scoped>\n",
       "    .dataframe tbody tr th:only-of-type {\n",
       "        vertical-align: middle;\n",
       "    }\n",
       "\n",
       "    .dataframe tbody tr th {\n",
       "        vertical-align: top;\n",
       "    }\n",
       "\n",
       "    .dataframe thead th {\n",
       "        text-align: right;\n",
       "    }\n",
       "</style>\n",
       "<table border=\"1\" class=\"dataframe\">\n",
       "  <thead>\n",
       "    <tr style=\"text-align: right;\">\n",
       "      <th></th>\n",
       "      <th>W</th>\n",
       "      <th>R</th>\n",
       "      <th>AB</th>\n",
       "      <th>H</th>\n",
       "      <th>2B</th>\n",
       "      <th>3B</th>\n",
       "      <th>HR</th>\n",
       "      <th>BB</th>\n",
       "      <th>SO</th>\n",
       "      <th>SB</th>\n",
       "      <th>RA</th>\n",
       "      <th>ER</th>\n",
       "      <th>ERA</th>\n",
       "      <th>CG</th>\n",
       "      <th>SHO</th>\n",
       "      <th>SV</th>\n",
       "      <th>E</th>\n",
       "    </tr>\n",
       "  </thead>\n",
       "  <tbody>\n",
       "    <tr>\n",
       "      <th>W</th>\n",
       "      <td>1.000000</td>\n",
       "      <td>0.430751</td>\n",
       "      <td>-0.087947</td>\n",
       "      <td>0.037612</td>\n",
       "      <td>0.427797</td>\n",
       "      <td>-0.251118</td>\n",
       "      <td>0.307407</td>\n",
       "      <td>0.484342</td>\n",
       "      <td>0.111850</td>\n",
       "      <td>-0.157234</td>\n",
       "      <td>-0.812952</td>\n",
       "      <td>-0.809435</td>\n",
       "      <td>-0.819600</td>\n",
       "      <td>0.080533</td>\n",
       "      <td>0.471805</td>\n",
       "      <td>0.666530</td>\n",
       "      <td>-0.089485</td>\n",
       "    </tr>\n",
       "    <tr>\n",
       "      <th>R</th>\n",
       "      <td>0.430751</td>\n",
       "      <td>1.000000</td>\n",
       "      <td>0.319464</td>\n",
       "      <td>0.482856</td>\n",
       "      <td>0.560084</td>\n",
       "      <td>-0.070072</td>\n",
       "      <td>0.671283</td>\n",
       "      <td>0.402452</td>\n",
       "      <td>-0.054726</td>\n",
       "      <td>0.081367</td>\n",
       "      <td>-0.041623</td>\n",
       "      <td>-0.041245</td>\n",
       "      <td>-0.049281</td>\n",
       "      <td>0.232042</td>\n",
       "      <td>-0.103274</td>\n",
       "      <td>-0.096380</td>\n",
       "      <td>-0.023262</td>\n",
       "    </tr>\n",
       "    <tr>\n",
       "      <th>AB</th>\n",
       "      <td>-0.087947</td>\n",
       "      <td>0.319464</td>\n",
       "      <td>1.000000</td>\n",
       "      <td>0.739122</td>\n",
       "      <td>0.453370</td>\n",
       "      <td>0.435422</td>\n",
       "      <td>-0.066983</td>\n",
       "      <td>-0.136414</td>\n",
       "      <td>-0.106022</td>\n",
       "      <td>0.372618</td>\n",
       "      <td>0.316010</td>\n",
       "      <td>0.309686</td>\n",
       "      <td>0.255551</td>\n",
       "      <td>-0.080876</td>\n",
       "      <td>-0.197321</td>\n",
       "      <td>-0.106367</td>\n",
       "      <td>0.316743</td>\n",
       "    </tr>\n",
       "    <tr>\n",
       "      <th>H</th>\n",
       "      <td>0.037612</td>\n",
       "      <td>0.482856</td>\n",
       "      <td>0.739122</td>\n",
       "      <td>1.000000</td>\n",
       "      <td>0.566847</td>\n",
       "      <td>0.478694</td>\n",
       "      <td>-0.090855</td>\n",
       "      <td>-0.118281</td>\n",
       "      <td>-0.398830</td>\n",
       "      <td>0.413444</td>\n",
       "      <td>0.224324</td>\n",
       "      <td>0.252489</td>\n",
       "      <td>0.231172</td>\n",
       "      <td>0.147955</td>\n",
       "      <td>-0.145559</td>\n",
       "      <td>-0.130371</td>\n",
       "      <td>-0.033173</td>\n",
       "    </tr>\n",
       "    <tr>\n",
       "      <th>2B</th>\n",
       "      <td>0.427797</td>\n",
       "      <td>0.560084</td>\n",
       "      <td>0.453370</td>\n",
       "      <td>0.566847</td>\n",
       "      <td>1.000000</td>\n",
       "      <td>0.220490</td>\n",
       "      <td>0.056292</td>\n",
       "      <td>0.302700</td>\n",
       "      <td>-0.150752</td>\n",
       "      <td>0.195027</td>\n",
       "      <td>-0.218160</td>\n",
       "      <td>-0.235531</td>\n",
       "      <td>-0.254854</td>\n",
       "      <td>0.306675</td>\n",
       "      <td>0.057998</td>\n",
       "      <td>0.171576</td>\n",
       "      <td>0.105754</td>\n",
       "    </tr>\n",
       "    <tr>\n",
       "      <th>3B</th>\n",
       "      <td>-0.251118</td>\n",
       "      <td>-0.070072</td>\n",
       "      <td>0.435422</td>\n",
       "      <td>0.478694</td>\n",
       "      <td>0.220490</td>\n",
       "      <td>1.000000</td>\n",
       "      <td>-0.430915</td>\n",
       "      <td>-0.454949</td>\n",
       "      <td>-0.141196</td>\n",
       "      <td>0.457437</td>\n",
       "      <td>0.314125</td>\n",
       "      <td>0.340225</td>\n",
       "      <td>0.330951</td>\n",
       "      <td>-0.065898</td>\n",
       "      <td>-0.041396</td>\n",
       "      <td>-0.142370</td>\n",
       "      <td>0.126678</td>\n",
       "    </tr>\n",
       "    <tr>\n",
       "      <th>HR</th>\n",
       "      <td>0.307407</td>\n",
       "      <td>0.671283</td>\n",
       "      <td>-0.066983</td>\n",
       "      <td>-0.090855</td>\n",
       "      <td>0.056292</td>\n",
       "      <td>-0.430915</td>\n",
       "      <td>1.000000</td>\n",
       "      <td>0.425691</td>\n",
       "      <td>0.359923</td>\n",
       "      <td>-0.136567</td>\n",
       "      <td>-0.103903</td>\n",
       "      <td>-0.085922</td>\n",
       "      <td>-0.090917</td>\n",
       "      <td>0.156502</td>\n",
       "      <td>-0.019119</td>\n",
       "      <td>-0.028540</td>\n",
       "      <td>-0.207597</td>\n",
       "    </tr>\n",
       "    <tr>\n",
       "      <th>BB</th>\n",
       "      <td>0.484342</td>\n",
       "      <td>0.402452</td>\n",
       "      <td>-0.136414</td>\n",
       "      <td>-0.118281</td>\n",
       "      <td>0.302700</td>\n",
       "      <td>-0.454949</td>\n",
       "      <td>0.425691</td>\n",
       "      <td>1.000000</td>\n",
       "      <td>0.233652</td>\n",
       "      <td>-0.098347</td>\n",
       "      <td>-0.416445</td>\n",
       "      <td>-0.452663</td>\n",
       "      <td>-0.459832</td>\n",
       "      <td>0.462478</td>\n",
       "      <td>0.426004</td>\n",
       "      <td>0.099445</td>\n",
       "      <td>-0.075685</td>\n",
       "    </tr>\n",
       "    <tr>\n",
       "      <th>SO</th>\n",
       "      <td>0.111850</td>\n",
       "      <td>-0.054726</td>\n",
       "      <td>-0.106022</td>\n",
       "      <td>-0.398830</td>\n",
       "      <td>-0.150752</td>\n",
       "      <td>-0.141196</td>\n",
       "      <td>0.359923</td>\n",
       "      <td>0.233652</td>\n",
       "      <td>1.000000</td>\n",
       "      <td>0.030968</td>\n",
       "      <td>-0.129745</td>\n",
       "      <td>-0.161612</td>\n",
       "      <td>-0.180368</td>\n",
       "      <td>-0.093418</td>\n",
       "      <td>0.237721</td>\n",
       "      <td>0.126297</td>\n",
       "      <td>0.155133</td>\n",
       "    </tr>\n",
       "    <tr>\n",
       "      <th>SB</th>\n",
       "      <td>-0.157234</td>\n",
       "      <td>0.081367</td>\n",
       "      <td>0.372618</td>\n",
       "      <td>0.413444</td>\n",
       "      <td>0.195027</td>\n",
       "      <td>0.457437</td>\n",
       "      <td>-0.136567</td>\n",
       "      <td>-0.098347</td>\n",
       "      <td>0.030968</td>\n",
       "      <td>1.000000</td>\n",
       "      <td>0.132290</td>\n",
       "      <td>0.143068</td>\n",
       "      <td>0.126063</td>\n",
       "      <td>-0.020783</td>\n",
       "      <td>-0.106563</td>\n",
       "      <td>-0.183418</td>\n",
       "      <td>0.079149</td>\n",
       "    </tr>\n",
       "    <tr>\n",
       "      <th>RA</th>\n",
       "      <td>-0.812952</td>\n",
       "      <td>-0.041623</td>\n",
       "      <td>0.316010</td>\n",
       "      <td>0.224324</td>\n",
       "      <td>-0.218160</td>\n",
       "      <td>0.314125</td>\n",
       "      <td>-0.103903</td>\n",
       "      <td>-0.416445</td>\n",
       "      <td>-0.129745</td>\n",
       "      <td>0.132290</td>\n",
       "      <td>1.000000</td>\n",
       "      <td>0.991018</td>\n",
       "      <td>0.986674</td>\n",
       "      <td>-0.016659</td>\n",
       "      <td>-0.636862</td>\n",
       "      <td>-0.616224</td>\n",
       "      <td>0.198996</td>\n",
       "    </tr>\n",
       "    <tr>\n",
       "      <th>ER</th>\n",
       "      <td>-0.809435</td>\n",
       "      <td>-0.041245</td>\n",
       "      <td>0.309686</td>\n",
       "      <td>0.252489</td>\n",
       "      <td>-0.235531</td>\n",
       "      <td>0.340225</td>\n",
       "      <td>-0.085922</td>\n",
       "      <td>-0.452663</td>\n",
       "      <td>-0.161612</td>\n",
       "      <td>0.143068</td>\n",
       "      <td>0.991018</td>\n",
       "      <td>1.000000</td>\n",
       "      <td>0.997248</td>\n",
       "      <td>-0.020221</td>\n",
       "      <td>-0.630192</td>\n",
       "      <td>-0.589663</td>\n",
       "      <td>0.136921</td>\n",
       "    </tr>\n",
       "    <tr>\n",
       "      <th>ERA</th>\n",
       "      <td>-0.819600</td>\n",
       "      <td>-0.049281</td>\n",
       "      <td>0.255551</td>\n",
       "      <td>0.231172</td>\n",
       "      <td>-0.254854</td>\n",
       "      <td>0.330951</td>\n",
       "      <td>-0.090917</td>\n",
       "      <td>-0.459832</td>\n",
       "      <td>-0.180368</td>\n",
       "      <td>0.126063</td>\n",
       "      <td>0.986674</td>\n",
       "      <td>0.997248</td>\n",
       "      <td>1.000000</td>\n",
       "      <td>-0.009856</td>\n",
       "      <td>-0.630833</td>\n",
       "      <td>-0.607005</td>\n",
       "      <td>0.113137</td>\n",
       "    </tr>\n",
       "    <tr>\n",
       "      <th>CG</th>\n",
       "      <td>0.080533</td>\n",
       "      <td>0.232042</td>\n",
       "      <td>-0.080876</td>\n",
       "      <td>0.147955</td>\n",
       "      <td>0.306675</td>\n",
       "      <td>-0.065898</td>\n",
       "      <td>0.156502</td>\n",
       "      <td>0.462478</td>\n",
       "      <td>-0.093418</td>\n",
       "      <td>-0.020783</td>\n",
       "      <td>-0.016659</td>\n",
       "      <td>-0.020221</td>\n",
       "      <td>-0.009856</td>\n",
       "      <td>1.000000</td>\n",
       "      <td>0.241676</td>\n",
       "      <td>-0.367766</td>\n",
       "      <td>-0.140047</td>\n",
       "    </tr>\n",
       "    <tr>\n",
       "      <th>SHO</th>\n",
       "      <td>0.471805</td>\n",
       "      <td>-0.103274</td>\n",
       "      <td>-0.197321</td>\n",
       "      <td>-0.145559</td>\n",
       "      <td>0.057998</td>\n",
       "      <td>-0.041396</td>\n",
       "      <td>-0.019119</td>\n",
       "      <td>0.426004</td>\n",
       "      <td>0.237721</td>\n",
       "      <td>-0.106563</td>\n",
       "      <td>-0.636862</td>\n",
       "      <td>-0.630192</td>\n",
       "      <td>-0.630833</td>\n",
       "      <td>0.241676</td>\n",
       "      <td>1.000000</td>\n",
       "      <td>0.221639</td>\n",
       "      <td>-0.115716</td>\n",
       "    </tr>\n",
       "    <tr>\n",
       "      <th>SV</th>\n",
       "      <td>0.666530</td>\n",
       "      <td>-0.096380</td>\n",
       "      <td>-0.106367</td>\n",
       "      <td>-0.130371</td>\n",
       "      <td>0.171576</td>\n",
       "      <td>-0.142370</td>\n",
       "      <td>-0.028540</td>\n",
       "      <td>0.099445</td>\n",
       "      <td>0.126297</td>\n",
       "      <td>-0.183418</td>\n",
       "      <td>-0.616224</td>\n",
       "      <td>-0.589663</td>\n",
       "      <td>-0.607005</td>\n",
       "      <td>-0.367766</td>\n",
       "      <td>0.221639</td>\n",
       "      <td>1.000000</td>\n",
       "      <td>-0.025636</td>\n",
       "    </tr>\n",
       "    <tr>\n",
       "      <th>E</th>\n",
       "      <td>-0.089485</td>\n",
       "      <td>-0.023262</td>\n",
       "      <td>0.316743</td>\n",
       "      <td>-0.033173</td>\n",
       "      <td>0.105754</td>\n",
       "      <td>0.126678</td>\n",
       "      <td>-0.207597</td>\n",
       "      <td>-0.075685</td>\n",
       "      <td>0.155133</td>\n",
       "      <td>0.079149</td>\n",
       "      <td>0.198996</td>\n",
       "      <td>0.136921</td>\n",
       "      <td>0.113137</td>\n",
       "      <td>-0.140047</td>\n",
       "      <td>-0.115716</td>\n",
       "      <td>-0.025636</td>\n",
       "      <td>1.000000</td>\n",
       "    </tr>\n",
       "  </tbody>\n",
       "</table>\n",
       "</div>"
      ],
      "text/plain": [
       "            W         R        AB         H        2B        3B        HR  \\\n",
       "W    1.000000  0.430751 -0.087947  0.037612  0.427797 -0.251118  0.307407   \n",
       "R    0.430751  1.000000  0.319464  0.482856  0.560084 -0.070072  0.671283   \n",
       "AB  -0.087947  0.319464  1.000000  0.739122  0.453370  0.435422 -0.066983   \n",
       "H    0.037612  0.482856  0.739122  1.000000  0.566847  0.478694 -0.090855   \n",
       "2B   0.427797  0.560084  0.453370  0.566847  1.000000  0.220490  0.056292   \n",
       "3B  -0.251118 -0.070072  0.435422  0.478694  0.220490  1.000000 -0.430915   \n",
       "HR   0.307407  0.671283 -0.066983 -0.090855  0.056292 -0.430915  1.000000   \n",
       "BB   0.484342  0.402452 -0.136414 -0.118281  0.302700 -0.454949  0.425691   \n",
       "SO   0.111850 -0.054726 -0.106022 -0.398830 -0.150752 -0.141196  0.359923   \n",
       "SB  -0.157234  0.081367  0.372618  0.413444  0.195027  0.457437 -0.136567   \n",
       "RA  -0.812952 -0.041623  0.316010  0.224324 -0.218160  0.314125 -0.103903   \n",
       "ER  -0.809435 -0.041245  0.309686  0.252489 -0.235531  0.340225 -0.085922   \n",
       "ERA -0.819600 -0.049281  0.255551  0.231172 -0.254854  0.330951 -0.090917   \n",
       "CG   0.080533  0.232042 -0.080876  0.147955  0.306675 -0.065898  0.156502   \n",
       "SHO  0.471805 -0.103274 -0.197321 -0.145559  0.057998 -0.041396 -0.019119   \n",
       "SV   0.666530 -0.096380 -0.106367 -0.130371  0.171576 -0.142370 -0.028540   \n",
       "E   -0.089485 -0.023262  0.316743 -0.033173  0.105754  0.126678 -0.207597   \n",
       "\n",
       "           BB        SO        SB        RA        ER       ERA        CG  \\\n",
       "W    0.484342  0.111850 -0.157234 -0.812952 -0.809435 -0.819600  0.080533   \n",
       "R    0.402452 -0.054726  0.081367 -0.041623 -0.041245 -0.049281  0.232042   \n",
       "AB  -0.136414 -0.106022  0.372618  0.316010  0.309686  0.255551 -0.080876   \n",
       "H   -0.118281 -0.398830  0.413444  0.224324  0.252489  0.231172  0.147955   \n",
       "2B   0.302700 -0.150752  0.195027 -0.218160 -0.235531 -0.254854  0.306675   \n",
       "3B  -0.454949 -0.141196  0.457437  0.314125  0.340225  0.330951 -0.065898   \n",
       "HR   0.425691  0.359923 -0.136567 -0.103903 -0.085922 -0.090917  0.156502   \n",
       "BB   1.000000  0.233652 -0.098347 -0.416445 -0.452663 -0.459832  0.462478   \n",
       "SO   0.233652  1.000000  0.030968 -0.129745 -0.161612 -0.180368 -0.093418   \n",
       "SB  -0.098347  0.030968  1.000000  0.132290  0.143068  0.126063 -0.020783   \n",
       "RA  -0.416445 -0.129745  0.132290  1.000000  0.991018  0.986674 -0.016659   \n",
       "ER  -0.452663 -0.161612  0.143068  0.991018  1.000000  0.997248 -0.020221   \n",
       "ERA -0.459832 -0.180368  0.126063  0.986674  0.997248  1.000000 -0.009856   \n",
       "CG   0.462478 -0.093418 -0.020783 -0.016659 -0.020221 -0.009856  1.000000   \n",
       "SHO  0.426004  0.237721 -0.106563 -0.636862 -0.630192 -0.630833  0.241676   \n",
       "SV   0.099445  0.126297 -0.183418 -0.616224 -0.589663 -0.607005 -0.367766   \n",
       "E   -0.075685  0.155133  0.079149  0.198996  0.136921  0.113137 -0.140047   \n",
       "\n",
       "          SHO        SV         E  \n",
       "W    0.471805  0.666530 -0.089485  \n",
       "R   -0.103274 -0.096380 -0.023262  \n",
       "AB  -0.197321 -0.106367  0.316743  \n",
       "H   -0.145559 -0.130371 -0.033173  \n",
       "2B   0.057998  0.171576  0.105754  \n",
       "3B  -0.041396 -0.142370  0.126678  \n",
       "HR  -0.019119 -0.028540 -0.207597  \n",
       "BB   0.426004  0.099445 -0.075685  \n",
       "SO   0.237721  0.126297  0.155133  \n",
       "SB  -0.106563 -0.183418  0.079149  \n",
       "RA  -0.636862 -0.616224  0.198996  \n",
       "ER  -0.630192 -0.589663  0.136921  \n",
       "ERA -0.630833 -0.607005  0.113137  \n",
       "CG   0.241676 -0.367766 -0.140047  \n",
       "SHO  1.000000  0.221639 -0.115716  \n",
       "SV   0.221639  1.000000 -0.025636  \n",
       "E   -0.115716 -0.025636  1.000000  "
      ]
     },
     "execution_count": 5,
     "metadata": {},
     "output_type": "execute_result"
    }
   ],
   "source": [
    "#lets check the corelation between the data\n",
    "baseball.corr()"
   ]
  },
  {
   "cell_type": "code",
   "execution_count": 6,
   "metadata": {},
   "outputs": [
    {
     "data": {
      "text/plain": [
       "W      0.047089\n",
       "R      1.200786\n",
       "AB     0.183437\n",
       "H      0.670254\n",
       "2B    -0.230650\n",
       "3B     0.129502\n",
       "HR     0.516441\n",
       "BB     0.158498\n",
       "SO    -0.156065\n",
       "SB     0.479893\n",
       "RA     0.045734\n",
       "ER     0.058710\n",
       "ERA    0.053331\n",
       "CG     0.736845\n",
       "SHO    0.565790\n",
       "SV     0.657524\n",
       "E      0.890132\n",
       "dtype: float64"
      ]
     },
     "execution_count": 6,
     "metadata": {},
     "output_type": "execute_result"
    }
   ],
   "source": [
    "# Checking the skewness of the dataset\n",
    "baseball.skew()\n",
    "\n",
    "# so here there are few variable where the skewness is more than 0.55, so we have to treat them.\n",
    "# the variables are R, H, CG, SHO, SV, and E"
   ]
  },
  {
   "cell_type": "code",
   "execution_count": 7,
   "metadata": {},
   "outputs": [],
   "source": [
    "# treating the skewness using log\n",
    "import numpy as np\n",
    "for col in baseball.columns:\n",
    "    if baseball.skew().loc[col]>0.55:\n",
    "        baseball[col]=np.log1p(baseball[col])"
   ]
  },
  {
   "cell_type": "code",
   "execution_count": 8,
   "metadata": {},
   "outputs": [
    {
     "data": {
      "text/plain": [
       "W      0.047089\n",
       "R      0.744813\n",
       "AB     0.183437\n",
       "H      0.628584\n",
       "2B    -0.230650\n",
       "3B     0.129502\n",
       "HR     0.516441\n",
       "BB     0.158498\n",
       "SO    -0.156065\n",
       "SB     0.479893\n",
       "RA     0.045734\n",
       "ER     0.058710\n",
       "ERA    0.053331\n",
       "CG    -0.325962\n",
       "SHO   -0.589640\n",
       "SV     0.163057\n",
       "E      0.632916\n",
       "dtype: float64"
      ]
     },
     "execution_count": 8,
     "metadata": {},
     "output_type": "execute_result"
    }
   ],
   "source": [
    "# Again checking the skewness of the dataset\n",
    "baseball.skew()\n",
    "\n",
    "#stll there are some skewness, so we can ignore them"
   ]
  },
  {
   "cell_type": "code",
   "execution_count": 9,
   "metadata": {},
   "outputs": [
    {
     "data": {
